$ANSIBLE_VAULT;1.1;AES256
32663937366666626661666565643438366435396135363932343634633034353765643235323639
3664613965653264626236616232306238613564646132660a326263646532393939346235333735
32666234363630646462393762306432376634623961646138393765643839623839363862383436
3331653931303063360a623730353830633266613937303962316433663662643035323139373034
66383736393763643939376662303833313761336162303334323665343261396561356163343832
32393938343333376263376339626331663239313439356139393936646337623062303461396534
37336464386665363238653338613831353934623561366662326566613634373239396161663932
31313936356564643761613861393633666466636631313432393930613330656166623333343964
64313532623736313338376264386331306662363034373564336232333237656637366462353234
35303333646563323764326337366630363666623536636435336130633838663861653862316331
64366533393862323461376333353639383362303664616564383739323861663266316164356437
65343738616535646432316633346338613761636535656534336338633838343937353662613330
31613433373961393361313335353833313263343430626238636464373735663136333637396132
31623338653166313561313362393061333035653262366335643865666135653166356237306664
37356663316539393332393132303063353435383865613239323438386335363338303839353537
65663431356539356138386439666361343062646164643937393261396565623963366634623762
30313434623136616337643938623161643935643636343865326539376537363831333834396232
39666335363131393063343732303735353265326132383661383263343034366634376163356464
37373636646631633333373933343563383564343463666231643962313061663537643262363262
36373135633633333530643037623434343164663163343062373230306462313131333166373964
31333063303438326230663736643063316130646662373836366663613436373238306534636438
39376365663738383030616331323031653330346637623933656165356561363038383063323931
38393235623438393463343535333662336433343266386137363561386665393132366365373435
34623235363163336133
