$ANSIBLE_VAULT;1.1;AES256
65626137356130333336666661633935306133363462653764346238383237316166643130366364
6565633137373431393863383164386434623161356262360a356538376435626630663732656363
30346433303930636136333635326139363863346264363566343461643566373564653561316331
3133383233613761330a383039623932323762336237396166343463383233303861663163396330
64383062386438316133363736626336623531626661666566396237666638626166633134633264
34646537323234333436303339333961396635633634343063363163393236393336326466383038
30333966656366393435336231303430313232623065316434323462363835326537643032336431
37366335373661616263353365656137353734646464663930653731623730366536326135303164
31643733653838623866393232373336313362623966366264623263393230363339653937343534
36376539663934326461646662386161356637626664393062393334663537323830393861303934
34636531663565306634373163333731333231386636353065346533396565663933613936346632
32383865393636363532653134653462626439373565386365316234653265626139633236306539
36376366323833353336376635366162346136643431646330653163303437346132616363633765
66303831616639303233323163623232393461626336346531386535626533653662343838333837
38643964383363613831313933626539396538353430613263643932353833343832376437323134
62633733653863643063353665653065343631636661346439666535376639386137306265633832
34366335383163666365333036333262316465613937626464343637353939393939353930343137
37376261633439316163613161303239326631323833666463303163616233366132623435346466
30393033386533353530373533386164633634323732306133323237376665383136613234333566
36346439313434343932366331663130336230353239313063653833356532333865303364663861
33646633656365373036383866386162653837303563663634643232333563383531343838656661
61633837656235343966383433303332373438313961326464356431363862643334373661666339
35316435643538626130623637343365393434626235396331313463663261663838366464613638
62316436316131303162613334666136303132616238393236346230616262616436633363353533
35366662613666623066326330666566346534326430373639333533353466333566646535396439
66646131666233663838313539663434383736393864353836383535326162363933383931313437
39313764653030323666336664396131303135386566303339346538626466663031303462343363
36316436623662656665316136626236393134366364656465326362313037336438366332656331
33323966633339356635303631643832366662346262333163633231326637666164646261326133
32623532326537633066333663333837663961353636323432373262313632383531343132333335
33643965326430393564333235643566396130613662303234336434643764626466333833363863
39653534323564386530356163323562393531623162666465303636633739343961636465336334
66303536613864336666396139396130313134316265366466656431306163386262326534396130
66653238363562393165353539626161336532313533363635343737333330336633386130366661
39396137343834356436623864633264376466326565636236633766353738613238623065373866
64613466303065323566376137616134646361383534646132613631373063636435393565613332
32646132396238666461323939346434363335363439363065636661653766373532616336363566
35626136626233373663646466306463656339326237663831336364373432643461396535663337
66656436343338663737616462353031396530363936313963633237656436316335383538616239
34356431343364663033383665303863306335396431313634343762356433316136386464306331
33643538306364616431313066323361393535376663366435323764613966333334656139346631
62346464306230333234653362396266386433623131636531366536343665666633303762356630
30393861366335396661333863326262373466386465343066666439653363386165396565346634
33313265636665326336313738653263666138316631303735623036653861386461393565623839
3263
